name:     x0
longname: The current value of the homogenizing variable
title:    Absolute value of the last variable
BEGIN
1e-06 0.470348
2e-06 0.442522
3e-06 0.416488
5e-06 0.36946
7e-06 0.328525
9e-06 0.293012
1.3e-05 0.235844
1.7e-05 0.193295
2.1e-05 0.161326
2.9e-05 0.117849
3.7e-05 0.0905292
4.5e-05 0.072209
6.1e-05 0.0497556
7.7e-05 0.0368789
9.3e-05 0.0287159
0.000125 0.0191953
0.000157 0.0139692
0.000189 0.0107451
0.000253 0.00707506
0.000317 0.00510454
0.000381 0.003906
0.000509 0.00255981
0.000637 0.0018466
0.000765 0.00141703
0.001021 0.000939848
0.001277 0.000690414
0.001533 0.000541944
0.002045 0.000379343
0.002557 0.000295639
0.003069 0.000246224
0.004093 0.000192083
0.005117 0.000163793
0.006141 0.000146744
0.008189 0.000127743
0.010237 0.000117998
0.012285 0.000112599
0.016381 0.000108004
0.020477 0.000107292
0.024573 0.000108332
0.032765 0.000112602
0.040957 0.000117904
0.049149 0.000123411
0.065533 0.000134109
0.081917 0.000144017
0.098301 0.000153104
0.131069 0.000169035
0.163837 0.000182336
0.196605 0.00019342
0.262141 0.000210513
0.327677 0.000222926
0.393213 0.000232325
0.524285 0.000245665
0.655357 0.000254694
0.770238 0.000260233
0.846825 0.000262502
0.897884 0.00026294
0.931922 0.000262615
0.954615 0.000262162
0.969743 0.000261785
0.979829 0.000261509
0.986553 0.000261317
0.991035 0.000261186
0.994023 0.000261097
0.996016 0.000261038
0.997344 0.000260998
0.998229 0.000260972
0.998819 0.000260954
0.999213 0.000260942
0.999606 0.00026093
1 0.000260918
END
y-dim: 1
max_x: 1
min_x: 1e-06
max_y: 0.470348
min_y: 0.000107292
